            Variables          OLS        Ridge        Lasso          PCR
1           Intercept -0.002626365  0.000000000  0.000000000  0.000000000
2              Income -0.604991491 -0.574228762 -0.539753789 -0.604991491
3               Limit  1.066805051  0.717907122  0.814935631  1.066805051
4              Rating  0.285557718  0.603306994  0.469912804  0.285557718
5               Cards  0.057781844  0.044212406  0.039598119  0.057781844
6                 Age -0.013108162 -0.015557539 -0.005160077 -0.013108162
7           Education -0.006477420 -0.004886915  0.000000000 -0.006477420
8        GenderFemale -0.014922238 -0.013306787  0.000000000 -0.014922238
9          StudentYes  0.282196557  0.275933904  0.265946123  0.282196557
10         MarriedYes -0.009308719 -0.011647069  0.000000000 -0.009308719
11     EthnicityAsian  0.011108454  0.009961249  0.000000000  0.011108454
12 EthnicityCaucasian  0.011333371  0.010536848  0.000000000  0.011333371
           PLSR
1   0.000000000
2  -0.604991491
3   1.066805051
4   0.285557718
5   0.057781844
6  -0.013108162
7  -0.006477420
8  -0.014922238
9   0.282196557
10 -0.009308719
11  0.011108454
12  0.011333371
  Model        MSE
1   OLS 0.04661927
2 Ridge 0.04544189
3 Lasso 0.04745661
4   PCR 0.04661927
5  PLSR 0.04657528
