[1] "The PCR model"
, , 11 comps

                       response
Income             -0.604991491
Limit               1.066805051
Rating              0.285557718
Cards               0.057781844
Age                -0.013108162
Education          -0.006477420
GenderFemale       -0.014922238
StudentYes          0.282196557
MarriedYes         -0.009308719
EthnicityAsian      0.011108454
EthnicityCaucasian  0.011333371

[1] "The PCR MSE"
[1] 0.4147564
[1] "applied predictors"
, , 1 comps

           response
  [1,] -0.529913982
  [2,]  0.919641210
  [3,]  0.932527852
  [4,]  0.135667736
  [5,] -0.570699554
  [6,]  0.705553558
  [7,] -0.958053174
  [8,]  0.479457557
  [9,] -0.125311773
 [10,]  0.264369749
 [11,]  0.257502662
 [12,] -0.367798877
 [13,]  2.997333824
 [14,]  0.156300747
 [15,] -0.805146743
 [16,]  0.942208263
 [17,] -0.137661649
 [18,] -0.007174768
 [19,] -1.073627399
 [20,] -0.851235398
 [21,] -0.151045286
 [22,] -0.387700699
 [23,] -0.599043340
 [24,] -0.182080313
 [25,] -0.994515598
 [26,] -0.879824956
 [27,] -0.496901346
 [28,] -0.470234994
 [29,] -0.210666839
 [30,] -0.420318959
 [31,] -0.155885878
 [32,] -0.624316604
 [33,]  1.166100645
 [34,] -0.759737984
 [35,]  0.681113868
 [36,] -0.255871867
 [37,] -0.060508115
 [38,]  0.731075824
 [39,] -0.862165046
 [40,] -0.088926901
 [41,] -0.676449524
 [42,] -0.624545702
 [43,]  0.217980324
 [44,] -0.665077257
 [45,] -0.504367332
 [46,]  0.006950919
 [47,] -0.317097585
 [48,]  0.233623034
 [49,] -0.676887171
 [50,] -0.890579599
 [51,]  0.196656324
 [52,]  1.858978731
 [53,] -0.112787099
 [54,]  0.123745970
 [55,] -0.018256489
 [56,] -0.137851717
 [57,] -0.001765737
 [58,]  0.915791977
 [59,] -0.426528041
 [60,] -1.176181071
 [61,] -0.577019157
 [62,] -1.133461874
 [63,] -0.875057652
 [64,] -0.370989137
 [65,]  1.154237440
 [66,]  0.213434315
 [67,] -0.430392877
 [68,] -0.053530332
 [69,]  0.009931211
 [70,] -0.466810150
 [71,] -0.245079336
 [72,] -0.765487067
 [73,] -1.017494599
 [74,] -0.191800732
 [75,]  0.841703360
 [76,] -0.088949710
 [77,]  0.699005366
 [78,]  0.035191088
 [79,]  1.546087424
 [80,] -0.433810398
 [81,]  0.183435988
 [82,] -0.597060548
 [83,] -0.450759221
 [84,]  0.300137820
 [85,] -0.486843063
 [86,] -0.111616108
 [87,] -0.520119050
 [88,]  0.244750102
 [89,]  0.022307435
 [90,] -0.502240537
 [91,] -0.048418249
 [92,] -0.126167143
 [93,] -0.016227149
 [94,] -0.036857315
 [95,]  1.016730103
 [96,]  0.265828192
 [97,] -0.581484203
 [98,]  1.246027083
 [99,] -0.029029555
[100,] -0.440098359

[1] "The coefficients on the full dataset"
, , 11 comps

                       response
Income             -0.598171486
Limit               0.958438722
Rating              0.382478949
Cards               0.052864969
Age                -0.023033397
Education          -0.007469459
GenderFemale       -0.011593092
StudentYes          0.278154853
MarriedYes         -0.009054196
EthnicityAsian      0.015950671
EthnicityCaucasian  0.011005286

