[1] "model coefficients"
          1 comps  2 comps  3 comps  4 comps  5 comps  6 comps 7 comps
response 95.46987 47.32559 16.36383 14.93461 14.58047 14.65071 14.6793
          8 comps  9 comps 10 comps 11 comps
response 14.75143 14.69065 14.66097 14.66403
[1] "applied predictors"
, , 1 comps

       response
1   -1.28848780
2   -0.87987326
3    0.38780965
4    0.40486540
5   -1.05975018
6   -0.57701316
7   -0.07017652
8    0.43659048
9   -0.58366264
10  -1.02466810
11  -0.43862244
12   0.12561155
13   0.30049789
14  -0.80913958
15  -0.18208047
16   2.13010586
17   1.74684760
18  -0.63320404
19  -0.31444480
20   0.12773467
21   2.69738580
22   0.79521723
23   0.62457507
24   0.16523418
25  -0.58190044
26  -0.74488629
27   1.10442280
28   1.00390122
29   3.35671169
30   0.51948339
31  -0.26071261
32   1.49787857
33   0.07170450
34   0.49487935
35   0.05402671
36   0.47945721
37  -0.49939650
38  -0.55437349
39   2.29425107
40  -0.44525979
41  -0.95714406
42  -0.32320926
43   0.16141024
44  -0.21888521
45   0.96808228
46  -0.87831992
47  -0.48760145
48  -0.80936573
49  -1.01559867
50   1.75035558
51  -0.87713545
52  -0.24459678
53  -0.36508409
54  -0.53176630
55   2.05570497
56  -0.87944915
57   0.70654918
58  -0.48320196
59   0.85059017
60  -0.93154534
61   0.24910356
62   1.30922151
63  -1.12501350
64   0.54836196
65  -0.81871862
66   0.36923370
67  -0.56433273
68  -0.16153929
69  -0.21196248
70   0.35073429
71  -0.64615034
72  -0.53422991
73   0.55655155
74  -0.58652279
75  -1.28100630
76   0.01339262
77   0.27575370
78  -0.82078976
79  -0.97180928
80  -0.37544582
81   1.87595063
82  -0.03286755
83  -0.32894268
84   1.97834492
85  -0.60620662
86  -0.62645680
87  -0.18326828
88  -0.38825314
89  -0.23427423
90   0.39171277
91   0.08531865
92   0.29489452
93   0.28482494
94   0.22736525
95  -0.51713089
96  -0.93323232
97  -0.33567296
98  -0.82143222
99  -0.94347404
100  0.47432922
101  0.85662942
102 -0.63772407
103 -0.18901901
104 -0.73019128
105 -1.01223008
106 -0.96406191
107  0.09106632
108  0.71436758
109 -0.33332723
110  2.04857792
111  0.53029721
112  0.05335802
113  1.20050633
114 -1.17411473
115 -0.12799702
116  1.84042914
117  1.13792561
118  0.18021181
119 -0.36803197
120  0.95569837
121 -0.06629158
122 -0.09854401
123  0.28886974
124 -0.69158776
125 -0.13877170
126  1.24297584
127  0.06078050
128  0.15199686
129  1.18397811
130 -0.95825698
131 -0.15749575
132 -0.70380295
133  1.06913582
134 -0.31086336
135 -0.78256986
136  0.09012021
137 -0.39282980
138  1.05962090
139 -0.70261969
140  0.07128307
141 -0.61295672
142 -0.38853441
143 -0.57953838
144  1.73218971
145 -0.34983119
146  0.06804730
147  1.98581854
148  0.36838840
149  0.14335831
150 -0.04678282
151  0.17982844
152 -0.48319544
153 -0.19652277
154  0.98654461
155 -1.07730380
156  0.41948278
157 -0.53659997
158 -0.83639120
159 -0.04820768
160 -0.33026666
161  0.92686186
162  0.03427041
163  0.07923038
164  2.45936302
165  0.18148550
166 -0.46247705
167 -0.56500349
168  0.84694726
169  0.06278782
170 -0.69329681
171 -0.04585774
172 -0.43268971
173  0.02194679
174 -0.25374867
175  2.55446607
176  0.97739039
177  0.81401839
178 -0.12699573
179 -0.06106570
180 -0.49191313
181 -0.65180934
182  1.44571141
183  2.12951589
184  1.94204570
185 -0.07538139
186 -0.47735127
187  0.72205923
188 -0.50874185
189 -0.04816401
190  0.44007514
191 -1.27029937
192  0.04588416
193 -1.03402896
194 -0.94618681
195 -0.59165926
196  1.47450842
197 -0.79021311
198 -0.95139160
199  0.10041258
200  0.60008236
201 -0.01895603
202  0.20994088
203 -0.34576002
204  0.06365573
205 -0.35222619
206 -0.45486735
207 -0.83476280
208 -1.07318242
209  0.30427330
210 -0.46387757
211 -1.23727907
212 -0.82493725
213 -0.05817496
214 -0.92961700
215  2.25095883
216  0.21936089
217 -1.07847092
218 -0.55348120
219 -0.24939138
220  0.07034572
221  0.86375366
222  1.01328731
223 -0.10530388
224  0.15523525
225 -1.02870815
226  0.85397600
227 -0.39552560
228 -0.10766875
229  0.71937748
230 -0.07313458
231  0.22808744
232 -0.40452875
233 -0.07101575
234 -0.80697698
235  1.30588792
236  0.54584705
237  0.41136611
238 -0.70613861
239  0.62342486
240 -0.23670808
241 -0.87468214
242  0.37406006
243 -0.28957126
244  0.89319055
245  0.70163888
246  1.32137316
247 -1.09211130
248 -0.71793490
249 -0.78214624
250 -1.16304781
251 -0.53693552
252 -0.65013299
253 -0.05233956
254 -0.44185860
255 -0.31089994
256 -0.79273690
257 -1.07750379
258 -1.22923628
259 -0.04943163
260 -1.08840347
261 -0.17995415
262 -0.53926068
263  2.47209489
264 -0.55411802
265 -1.16403289
266 -0.11797348
267  0.06960748
268  0.18151062
269 -0.38391272
270  0.54674976
271  0.19265080
272 -0.93051878
273 -0.30295646
274  0.35057414
275  0.34302530
276  0.04347264
277 -0.72917597
278 -0.02904158
279 -0.25173782
280 -0.05644376
281 -1.02869355
282 -0.06970571
283  0.61637582
284 -0.86070783
285  0.52054910
286  0.93851104
287  0.50085693
288 -0.21345906
289  1.76774967
290  0.31225288
291 -0.56716710
292 -1.04107529
293  0.15692839
294  0.18292940
295  0.60394735
296  0.38883462
297  1.05572781
298  0.19338414
299 -0.60973590
300 -1.16338374

, , 2 comps

        response
1   -1.700238750
2   -1.159964130
3    0.222040398
4    0.217628610
5   -1.224251234
6   -0.383064694
7    0.959829039
8    0.785906826
9   -0.477189253
10  -1.135089408
11  -0.418444521
12   0.068698769
13  -0.467257601
14  -1.180627849
15  -0.554865941
16   2.918505564
17   0.930795328
18  -1.444863264
19  -0.083797472
20  -0.208954833
21   2.077285591
22   0.641326247
23   0.544640879
24   0.896337203
25  -0.562040513
26  -0.678064060
27   0.924004216
28   0.517098639
29   2.666017379
30   1.844894176
31  -0.056604098
32   1.361790407
33  -0.178325976
34   0.513498074
35  -0.217065034
36   0.342014889
37  -0.197427381
38  -0.446609360
39   2.261178347
40  -0.315100457
41  -1.331774367
42  -0.032864699
43   0.288182097
44  -0.643747181
45   0.651341874
46  -1.152096686
47  -0.431091095
48  -0.825655372
49  -1.204253301
50   1.365220518
51  -1.107562783
52  -0.202593467
53   0.480537633
54  -0.919081778
55   1.623031863
56  -0.749859609
57   0.042695400
58  -0.274704935
59   0.871877344
60  -1.353984163
61   1.234990209
62   1.444574009
63  -1.120078327
64   0.780787894
65  -0.146020374
66   0.393743191
67  -0.868662770
68  -0.371180496
69  -0.095504880
70  -0.123133945
71  -0.793371472
72  -0.551745601
73   0.719629599
74  -0.262539195
75  -1.321253443
76   0.978106228
77   0.402999340
78  -0.977934035
79  -0.931951136
80   0.025078821
81   1.655524638
82  -0.379784734
83  -0.840664598
84   1.492641630
85  -0.559613959
86  -0.725032049
87  -0.135481058
88   0.054350883
89   0.372064594
90   0.853298397
91   0.473619127
92   0.526013185
93   0.620714396
94   0.366967995
95  -0.580113375
96  -1.380706953
97  -0.135847519
98  -0.974059052
99  -1.213543309
100  0.342690483
101  0.419889446
102 -0.676412550
103  0.045877668
104 -0.916220010
105 -1.336833236
106 -1.492416908
107  0.233162578
108  1.997419980
109 -0.820929692
110  1.995361796
111  0.425592793
112  0.435668217
113  2.090620936
114 -1.452962981
115 -0.292990187
116  1.544296040
117  2.295077907
118  0.452027260
119 -0.276273316
120  1.107115802
121 -0.172467721
122 -0.437104261
123  0.325861674
124 -1.065669911
125 -0.216413737
126  1.471145146
127  0.037347353
128 -0.020130062
129  0.602407278
130 -1.556959475
131 -0.146055863
132 -0.658276265
133  2.045435408
134 -0.591626607
135 -1.062105226
136 -0.089298359
137 -0.197014084
138  0.141709897
139 -0.982037694
140  0.394958454
141 -0.367588374
142 -0.402567708
143 -0.641649058
144  1.793591690
145 -0.408151682
146  0.002457868
147  1.292577082
148  1.596384242
149  1.099557370
150  0.135697439
151 -0.235042040
152 -0.526676888
153 -0.748256082
154  0.742111938
155 -1.259551578
156  0.070852205
157 -0.503225422
158 -0.328396640
159  0.281294659
160 -0.271843528
161  0.999712766
162  0.178972952
163  0.479458713
164  1.884183674
165  1.533578362
166 -0.603728225
167 -0.673379633
168  0.340670461
169 -0.085781546
170 -0.501458854
171 -0.156011965
172 -0.411068236
173  0.082009388
174 -0.044808427
175  2.471254437
176  0.910272360
177  0.680787975
178  0.030262002
179  0.449900589
180 -0.192380520
181 -1.050617248
182  1.810579585
183  2.115444774
184  1.444193971
185 -0.668420411
186 -0.553759355
187  0.613116343
188 -0.761412641
189  0.234489412
190  0.454600728
191 -1.314775554
192  0.139437119
193 -1.527038309
194 -1.227740349
195 -0.693294402
196  0.440200782
197 -0.939193439
198 -1.227696467
199  0.011837759
200  1.205590156
201  0.263827447
202  0.598964426
203 -0.920745351
204  0.099030495
205  0.505020784
206  0.259510696
207 -0.830508833
208 -1.348943017
209  1.237837958
210 -0.392079843
211 -1.645340925
212 -0.064332036
213  0.168810034
214 -0.846492441
215  1.580046223
216 -0.258235941
217 -1.569833976
218 -0.709621111
219 -0.062174842
220 -0.426453564
221  0.755183347
222  1.125697091
223 -0.018180851
224  0.613874486
225 -1.220951359
226  1.078326304
227 -0.337828329
228 -0.155638434
229  0.630398476
230  0.127903600
231 -0.005525686
232  0.229322122
233 -0.028662267
234 -1.029691914
235  0.844663064
236  0.686552622
237  0.291898878
238 -0.678173711
239  0.741482713
240 -0.051826898
241 -1.283827828
242  0.430601138
243 -0.255245068
244  0.561539766
245  1.962012294
246  0.737432512
247 -1.445375210
248 -0.411066951
249 -0.768149902
250 -1.447717786
251 -0.355206226
252 -0.719312700
253 -0.171180306
254 -0.559397368
255 -0.461072671
256 -0.898998360
257 -1.517167831
258 -1.437752735
259 -0.035090341
260 -1.026806643
261  0.146873452
262 -0.664069832
263  2.481491198
264 -0.824143791
265 -1.219514709
266 -0.233355330
267 -0.269060133
268  0.588825833
269 -0.213046037
270  0.300569311
271  0.355912765
272 -1.186153841
273 -0.505861193
274  0.350234831
275  0.425144939
276 -0.103712579
277 -0.715874116
278  0.958154284
279  0.332250437
280  0.482370991
281 -1.365880395
282  0.252818242
283  0.802565994
284 -1.015621617
285  1.379852627
286  0.570092688
287  0.225172181
288 -0.315390285
289  2.026704899
290  0.484099506
291 -0.707208660
292 -1.399317928
293  0.205630614
294  0.443690739
295  1.707894208
296  0.486818586
297  1.394693872
298 -0.250575236
299 -0.831009105
300 -1.587014005

, , 3 comps

         response
1   -1.777292e+00
2   -1.006510e+00
3    1.451419e-01
4    4.626655e-01
5   -1.270484e+00
6   -2.304358e-01
7    6.668067e-01
8    1.101151e+00
9   -5.437864e-01
10  -1.242438e+00
11  -3.850910e-01
12   6.403292e-01
13  -7.611514e-01
14  -1.332436e+00
15  -6.165313e-01
16   2.283513e+00
17   3.441826e-01
18  -1.462038e+00
19   1.663167e-01
20  -3.425865e-01
21   1.791969e+00
22   5.673240e-01
23   4.461203e-01
24   5.883080e-01
25  -4.133510e-01
26  -6.668810e-01
27   1.262163e+00
28   4.026596e-01
29   2.943185e+00
30   1.710300e+00
31  -3.976387e-02
32   1.449584e+00
33   1.422006e-01
34   1.102286e+00
35  -2.827273e-01
36   6.214032e-01
37   5.929938e-02
38  -2.279919e-01
39   1.147001e+00
40  -1.524876e-01
41  -1.552932e+00
42   3.301518e-01
43   9.627940e-02
44  -7.347707e-01
45   9.254282e-01
46  -1.466095e+00
47  -3.121178e-01
48  -1.041088e+00
49  -1.125370e+00
50   1.317067e+00
51  -1.331510e+00
52   2.117323e-01
53  -4.859896e-01
54  -1.058081e+00
55   1.644931e+00
56  -1.016392e+00
57  -3.006611e-01
58  -2.880286e-01
59   1.115544e+00
60  -1.294271e+00
61   1.061357e+00
62   1.546536e+00
63  -1.519353e+00
64   1.138983e+00
65  -5.170807e-01
66   5.912892e-01
67  -1.297021e+00
68  -5.911749e-01
69  -3.367743e-02
70   2.555938e-01
71  -8.882457e-01
72  -5.453373e-01
73   5.202433e-01
74  -2.788547e-01
75  -1.584463e+00
76   9.125969e-01
77   5.082857e-01
78  -1.168815e+00
79  -1.018214e+00
80   2.808451e-01
81   2.122672e+00
82  -5.301469e-01
83  -1.102347e+00
84   1.152511e+00
85  -6.641790e-01
86  -5.059640e-01
87   1.031018e-01
88   1.206717e-01
89   1.034103e-01
90   1.154422e+00
91   9.548940e-01
92   6.300406e-01
93   9.258508e-01
94   5.298506e-01
95  -7.194207e-01
96  -1.591396e+00
97  -1.668549e-01
98  -1.188770e+00
99  -1.444944e+00
100  5.953121e-01
101  5.208909e-01
102 -4.662162e-01
103  4.108036e-01
104 -1.317276e+00
105 -1.425532e+00
106 -1.617460e+00
107  6.469093e-01
108  1.809614e+00
109 -6.406127e-01
110  2.075128e+00
111  8.209819e-01
112  6.030921e-01
113  1.983279e+00
114 -1.588714e+00
115 -2.246168e-01
116  9.265335e-01
117  1.761687e+00
118  7.467212e-01
119 -2.784307e-01
120  1.464419e+00
121  5.398166e-02
122 -9.062904e-02
123  7.861903e-01
124 -1.410436e+00
125 -4.150684e-01
126  7.879800e-01
127  4.899101e-02
128 -1.967525e-01
129  3.554554e-01
130 -1.593894e+00
131  4.171965e-01
132 -7.637722e-01
133  1.586360e+00
134 -3.923359e-01
135 -1.382901e+00
136  2.436749e-01
137  1.367594e-02
138 -1.888254e-01
139 -1.231471e+00
140  8.096993e-01
141 -3.076724e-01
142 -2.848876e-01
143 -5.820549e-01
144  1.661344e+00
145 -4.071834e-01
146  1.579188e-01
147  1.175541e+00
148  1.634098e+00
149  4.269384e-01
150  8.256923e-01
151 -9.033369e-01
152 -5.867305e-02
153 -6.484178e-01
154  6.261553e-01
155 -1.510420e+00
156 -2.584665e-01
157 -3.010883e-01
158 -7.170059e-01
159  7.044861e-01
160 -4.382041e-01
161  1.487781e+00
162  2.579968e-01
163  8.667551e-01
164  1.817937e+00
165  1.464951e+00
166 -5.443006e-01
167 -5.123287e-01
168 -1.016431e-01
169  9.505018e-03
170 -6.852441e-01
171  2.013208e-01
172 -3.495290e-01
173  5.616033e-01
174  3.881132e-01
175  2.279510e+00
176  1.039529e+00
177  1.075292e+00
178  3.491045e-01
179 -2.468786e-01
180  1.451867e-01
181 -1.047197e+00
182  1.278753e+00
183  1.834605e+00
184  1.704357e+00
185 -6.386043e-01
186 -7.570123e-01
187  1.057257e+00
188 -1.199023e+00
189  5.652399e-01
190  1.079457e+00
191 -1.604175e+00
192  2.027700e-01
193 -1.635518e+00
194 -1.272998e+00
195 -2.457521e-01
196  1.710274e-01
197 -8.375391e-01
198 -1.545716e+00
199  2.308945e-01
200  1.000085e+00
201  8.484411e-01
202  7.686524e-01
203 -1.089944e+00
204  3.057855e-01
205 -4.538142e-05
206 -1.421403e-01
207 -8.628044e-01
208 -1.694256e+00
209  8.996875e-01
210 -5.397794e-01
211 -1.643999e+00
212 -8.597953e-01
213  5.380219e-01
214 -1.174480e+00
215  1.384805e+00
216 -5.164496e-01
217 -1.656245e+00
218 -5.793261e-01
219  3.999450e-01
220 -2.182158e-01
221  6.003400e-01
222  1.506993e+00
223  4.352008e-02
224  1.053949e+00
225 -1.494365e+00
226  1.332223e+00
227 -4.133038e-01
228 -1.184099e-01
229  1.078423e+00
230  5.603290e-01
231  8.602125e-02
232 -1.932622e-01
233 -9.341515e-02
234 -1.064845e+00
235  6.470845e-01
236  9.473202e-01
237  8.214791e-02
238 -8.313258e-01
239  1.167754e+00
240  1.575423e-01
241 -1.194998e+00
242  7.069299e-01
243  3.430527e-01
244  2.933386e-01
245  1.986319e+00
246  1.924332e-01
247 -1.738345e+00
248 -5.175530e-01
249 -6.903612e-01
250 -1.565621e+00
251 -2.969557e-01
252 -8.441742e-01
253  7.707038e-02
254 -1.304894e-01
255 -8.374324e-02
256 -9.761832e-01
257 -1.612279e+00
258 -1.618992e+00
259  4.047702e-01
260 -1.244675e+00
261  2.460480e-01
262 -4.898863e-01
263  2.439961e+00
264 -9.145283e-01
265 -1.608736e+00
266 -9.086790e-03
267 -7.228795e-01
268  9.416344e-01
269  2.060773e-04
270 -7.360226e-02
271  9.550666e-01
272 -9.410883e-01
273 -5.850542e-01
274  8.243850e-01
275  1.099670e+00
276 -5.476339e-01
277 -9.802112e-01
278  6.623637e-01
279  3.977974e-01
280  7.742157e-01
281 -1.150564e+00
282  5.005080e-01
283  1.150872e+00
284 -1.334804e+00
285  9.360303e-01
286  5.537056e-01
287  5.023301e-01
288 -2.345771e-01
289  1.572154e+00
290  9.213624e-01
291 -8.953197e-01
292 -1.572982e+00
293 -2.657102e-02
294  3.680618e-01
295  1.400454e+00
296  2.942679e-01
297  1.727957e+00
298 -4.807245e-01
299 -7.080507e-01
300 -1.891935e+00

, , 4 comps

         response
1   -1.6861260548
2   -1.0353711861
3    0.0983374126
4    0.4387319251
5   -1.1720766177
6   -0.1243977128
7    0.6660255776
8    1.0284421866
9   -0.4723503292
10  -1.2671474951
11  -0.4599856983
12   0.6529307016
13  -0.7882990735
14  -1.3695546533
15  -0.5240324933
16   2.3871457184
17   0.2885190638
18  -1.4768698411
19   0.2659029812
20  -0.3513745020
21   1.7715275123
22   0.5657239308
23   0.4308640851
24   0.5672549349
25  -0.4349283022
26  -0.7295407160
27   1.2381945002
28   0.5230948704
29   2.9577351670
30   1.7687829725
31  -0.0885265830
32   1.4420267566
33   0.1490584810
34   1.1265340316
35  -0.3100604460
36   0.6094976904
37   0.0107904179
38  -0.2848402636
39   1.1919223750
40  -0.1761069870
41  -1.6379095804
42   0.4197073909
43   0.0717219832
44  -0.6850488237
45   0.9614753130
46  -1.3980315110
47  -0.3554981248
48  -0.9874668713
49  -1.0308248634
50   1.4084630803
51  -1.3699777670
52   0.2161450264
53  -0.5729955084
54  -1.1050225828
55   1.7480215086
56  -0.9693751575
57  -0.3556022430
58  -0.2248804789
59   1.0868876019
60  -1.3223048503
61   1.1087318238
62   1.5161049222
63  -1.5185822719
64   1.0870693646
65  -0.4387996840
66   0.5700267547
67  -1.2343743612
68  -0.6262502329
69  -0.0167731948
70   0.2536353890
71  -0.8858163845
72  -0.5570353714
73   0.5445563565
74  -0.2323639735
75  -1.6388202381
76   1.0504375981
77   0.4363304325
78  -1.2039395950
79  -0.9314320968
80   0.3307298237
81   2.1408136627
82  -0.5999891605
83  -1.1348105871
84   1.1003363284
85  -0.5951073723
86  -0.5113840205
87   0.1772012850
88   0.0439323427
89   0.1305363516
90   1.1108136886
91   0.8910115683
92   0.6859361429
93   0.8963112281
94   0.4953653358
95  -0.7795627635
96  -1.6473664816
97  -0.2364950818
98  -1.2410743370
99  -1.4787622833
100  0.5918055372
101  0.5395995888
102 -0.4697099988
103  0.4098505744
104 -1.2926951370
105 -1.3159063192
106 -1.6499268579
107  0.5719073298
108  1.7847085294
109 -0.6860940896
110  2.0972172863
111  0.8237955946
112  0.5643828086
113  1.9993285109
114 -1.5760464167
115 -0.1372689357
116  0.9738659641
117  1.7436537337
118  0.7292267719
119 -0.3602913552
120  1.4260878386
121  0.0186398229
122 -0.0639698600
123  0.8102585528
124 -1.3776918302
125 -0.4213083758
126  0.7500582469
127  0.0064025435
128 -0.1473838702
129  0.3797806906
130 -1.6210128784
131  0.4186032991
132 -0.6819330082
133  1.5933418508
134 -0.4179915428
135 -1.4024492534
136  0.3484572229
137  0.0163327755
138 -0.2167764828
139 -1.2857197821
140  0.7861668214
141 -0.3847852580
142 -0.3395532967
143 -0.6207485527
144  1.7034079511
145 -0.4000669105
146  0.1350911795
147  1.2374404155
148  1.6144803539
149  0.3450613394
150  0.8117485880
151 -0.9518124847
152 -0.0570311315
153 -0.6196037732
154  0.6004879901
155 -1.5337256060
156 -0.3242056959
157 -0.3063932990
158 -0.7165007451
159  0.7284055232
160 -0.4406866602
161  1.4650807746
162  0.2898583176
163  0.9142871768
164  1.8312790450
165  1.3826530757
166 -0.5414030233
167 -0.4815608322
168 -0.1719730460
169  0.0894179053
170 -0.5971001696
171  0.2058451075
172 -0.2946015852
173  0.5994643211
174  0.3474125574
175  2.3214084486
176  0.9829233222
177  1.1513128776
178  0.2826692911
179 -0.2980901190
180  0.1794758367
181 -1.0260786105
182  1.2975688691
183  1.7541218726
184  1.7083699221
185 -0.6329308665
186 -0.7611129755
187  1.0492978305
188 -1.2249868400
189  0.5798722313
190  1.0299042755
191 -1.6035114586
192  0.1812677061
193 -1.6693158910
194 -1.2507092805
195 -0.2392493349
196  0.1574510651
197 -0.8653026541
198 -1.4962385142
199  0.2137709062
200  1.0081305736
201  0.9103260329
202  0.8453187203
203 -1.1673701931
204  0.2692532337
205 -0.0367627843
206 -0.1419792514
207 -0.7618448383
208 -1.7418116025
209  0.8713642878
210 -0.5298385099
211 -1.6796333194
212 -0.7898051410
213  0.5423218256
214 -1.1334983378
215  1.4007523498
216 -0.5682051140
217 -1.6595906419
218 -0.5323080523
219  0.3919077103
220 -0.2379092143
221  0.5922293250
222  1.5051125747
223  0.0973619951
224  1.0394972825
225 -1.4289652444
226  1.3234609184
227 -0.4848771528
228 -0.1183044661
229  1.1877286007
230  0.5374223567
231  0.0873038519
232 -0.0892792250
233 -0.1301537634
234 -1.0094567845
235  0.5523788370
236  1.0530399087
237  0.1144612777
238 -0.8936631008
239  1.1282208077
240  0.2691064372
241 -1.1949699737
242  0.6774390806
243  0.3549410154
244  0.2772247527
245  1.9377946882
246  0.1618949837
247 -1.6406079008
248 -0.5412468249
249 -0.7075501552
250 -1.5554480848
251 -0.3419375010
252 -0.8824514726
253  0.0483795709
254 -0.1163687995
255 -0.1222715152
256 -0.9879434439
257 -1.6263872117
258 -1.5628325408
259  0.4083279873
260 -1.1993310050
261  0.1961621872
262 -0.4598393091
263  2.3544764553
264 -0.8317269374
265 -1.6568070915
266 -0.0576364207
267 -0.6432929616
268  0.8877346633
269 -0.1296402396
270 -0.1551729346
271  0.9590874066
272 -0.9808016343
273 -0.6205512673
274  0.8690862556
275  1.0825962090
276 -0.5726135202
277 -0.9501850068
278  0.6369835735
279  0.2845970551
280  0.7847101778
281 -1.2041401744
282  0.4235757434
283  1.2620021269
284 -1.3670532292
285  0.9096992791
286  0.6725553114
287  0.4847111059
288 -0.1489136151
289  1.6380005039
290  0.9123887268
291 -0.8193810217
292 -1.6455086652
293 -0.0002058534
294  0.3518706346
295  1.4901356526
296  0.2571713793
297  1.6682312824
298 -0.4217812738
299 -0.7375785132
300 -1.8104193141

, , 5 comps

         response
1   -1.6872929862
2   -1.0229153990
3    0.1003969150
4    0.4684854294
5   -1.1582162168
6   -0.1285359795
7    0.7114615086
8    1.0410523391
9   -0.4651040659
10  -1.2378042565
11  -0.4658807846
12   0.6750724636
13  -0.7714543694
14  -1.3652641609
15  -0.5265592303
16   2.4105142376
17   0.2854408240
18  -1.4602579280
19   0.2747315855
20  -0.3387759580
21   1.7280762406
22   0.5925043570
23   0.4552921896
24   0.5901006474
25  -0.4130307328
26  -0.7335162997
27   1.2635510707
28   0.5426863391
29   2.9773860452
30   1.7676836329
31  -0.0746164979
32   1.4259320896
33   0.1218056512
34   1.1666699921
35  -0.3036873540
36   0.6198158768
37   0.0230960563
38  -0.2846438505
39   1.1865073738
40  -0.1983389253
41  -1.6376899809
42   0.4067868276
43   0.0457940635
44  -0.6811638406
45   0.9550716245
46  -1.4130423643
47  -0.3302829748
48  -1.0073677764
49  -1.0357378640
50   1.3993776911
51  -1.3653376730
52   0.2301485257
53  -0.5514807814
54  -1.0818420032
55   1.7450673599
56  -0.9907957874
57  -0.3531878981
58  -0.2420013827
59   1.1156184026
60  -1.3083152282
61   1.1167152858
62   1.5361198843
63  -1.5491777896
64   1.0844277457
65  -0.4294635940
66   0.5728666689
67  -1.2319240317
68  -0.6533941030
69  -0.0313894275
70   0.2693664489
71  -0.8990246042
72  -0.5277241334
73   0.5153037063
74  -0.2518469982
75  -1.6869922807
76   1.0883061739
77   0.4442038283
78  -1.1990781588
79  -0.9377203759
80   0.3217427396
81   2.1277649396
82  -0.5977789542
83  -1.1065050376
84   1.1180458259
85  -0.6107704276
86  -0.4758998186
87   0.1699278672
88   0.0511243753
89   0.1857888856
90   1.1088093108
91   0.8873309374
92   0.6619986121
93   0.9143026642
94   0.5020878743
95  -0.7734835066
96  -1.6391320834
97  -0.2894435606
98  -1.2419547012
99  -1.4491612185
100  0.5584652856
101  0.5101693705
102 -0.4523375872
103  0.4195544106
104 -1.3171259288
105 -1.2969063884
106 -1.6209917835
107  0.5691403790
108  1.7550564249
109 -0.6786761752
110  2.0810111513
111  0.8432171336
112  0.5788919785
113  2.0461283702
114 -1.5806244692
115 -0.1430981508
116  0.9647560376
117  1.7351547409
118  0.7569166546
119 -0.3492919599
120  1.4482185451
121  0.0222494358
122 -0.0874925044
123  0.7877136669
124 -1.3927956639
125 -0.4405815834
126  0.7719102848
127  0.0050848702
128 -0.1565364416
129  0.3740948982
130 -1.6054609922
131  0.4350808453
132 -0.6703738879
133  1.5750925904
134 -0.4082906638
135 -1.3739270697
136  0.3490683947
137  0.0042389366
138 -0.2058396118
139 -1.2867628282
140  0.7452379737
141 -0.4396593200
142 -0.3358738580
143 -0.5971827988
144  1.6775317011
145 -0.4158954260
146  0.1183238178
147  1.2362158508
148  1.6470000623
149  0.3712798621
150  0.8235258737
151 -0.9361053286
152 -0.0392630855
153 -0.5765412310
154  0.6060830290
155 -1.5059188580
156 -0.3717802784
157 -0.3394578996
158 -0.7274929408
159  0.7219231023
160 -0.4778498425
161  1.4709544307
162  0.2790455629
163  0.9128263586
164  1.8463572777
165  1.3887523607
166 -0.5659803010
167 -0.4850531488
168 -0.1769077480
169  0.0826651043
170 -0.5922788157
171  0.2276801545
172 -0.3100710823
173  0.5800212412
174  0.3032367324
175  2.2942265138
176  0.9866238718
177  1.1396504953
178  0.2780882381
179 -0.2630492161
180  0.1534528045
181 -1.0459035443
182  1.2837397304
183  1.7457040991
184  1.7248574717
185 -0.6090075949
186 -0.7760871271
187  1.0581295804
188 -1.2669932047
189  0.5473935857
190  1.0347510769
191 -1.6328690147
192  0.1421578232
193 -1.6389309380
194 -1.2550900068
195 -0.2193915893
196  0.1707827136
197 -0.9032215019
198 -1.4965302908
199  0.2456202984
200  1.0433771920
201  0.8953135752
202  0.8269384386
203 -1.1690170988
204  0.2680256750
205  0.0009889476
206 -0.0896209526
207 -0.7474809986
208 -1.7399290521
209  0.8449148767
210 -0.5615438763
211 -1.6678248747
212 -0.7840804135
213  0.5279964729
214 -1.1430448276
215  1.4335922732
216 -0.5623033673
217 -1.6212544303
218 -0.5455099823
219  0.3567408961
220 -0.2276671164
221  0.5698288237
222  1.5167395536
223  0.0751415389
224  0.9998355921
225 -1.4403987417
226  1.3014224186
227 -0.4746915211
228 -0.0885966955
229  1.1872389071
230  0.5473828009
231  0.1256165600
232 -0.0752502480
233 -0.1137964002
234 -1.0059512329
235  0.5382270355
236  1.0666442287
237  0.0890190457
238 -0.8958205124
239  1.1309834789
240  0.2660714460
241 -1.1583424856
242  0.6819587880
243  0.3286662782
244  0.2354921192
245  1.9661607514
246  0.1824318925
247 -1.6233780071
248 -0.5817628210
249 -0.6838818679
250 -1.5655993180
251 -0.3235716677
252 -0.9219166198
253  0.0590609722
254 -0.0918578686
255 -0.1133321072
256 -1.0194846638
257 -1.5895882911
258 -1.5601205161
259  0.3805499835
260 -1.2155612910
261  0.2103793540
262 -0.4657493385
263  2.2932671098
264 -0.8215177274
265 -1.6967748272
266 -0.0489854647
267 -0.6348961205
268  0.8885124939
269 -0.1434225939
270 -0.1494606560
271  0.9320188950
272 -0.9718118259
273 -0.6120955848
274  0.9136991057
275  1.0933974920
276 -0.5987719863
277 -0.9721005812
278  0.6148620377
279  0.2842299054
280  0.7639248177
281 -1.2007900605
282  0.4131971447
283  1.2724704585
284 -1.4034869282
285  0.9300225275
286  0.6753792351
287  0.4968660250
288 -0.1534870943
289  1.6559411145
290  0.8980668905
291 -0.8267899451
292 -1.6478105091
293 -0.0265864339
294  0.3144050252
295  1.5121884835
296  0.2104527069
297  1.6600424660
298 -0.4385753952
299 -0.7270447210
300 -1.8136987755

, , 6 comps

        response
1   -1.681526228
2   -1.024886676
3    0.103390686
4    0.469186080
5   -1.153875693
6   -0.125942168
7    0.700306566
8    1.053094201
9   -0.456609185
10  -1.242617473
11  -0.458548325
12   0.670125104
13  -0.773189177
14  -1.365105433
15  -0.518036904
16   2.411829427
17   0.292166280
18  -1.463386004
19   0.282537926
20  -0.344892892
21   1.718147428
22   0.589716991
23   0.451504342
24   0.586916971
25  -0.413829705
26  -0.725996169
27   1.269374578
28   0.546872159
29   2.980518469
30   1.779878044
31  -0.072934277
32   1.414896574
33   0.109288724
34   1.159749385
35  -0.306115499
36   0.617795762
37   0.028737566
38  -0.275707159
39   1.196432932
40  -0.207204442
41  -1.630085814
42   0.417292640
43   0.032598004
44  -0.709512678
45   0.936997898
46  -1.404139695
47  -0.327744980
48  -0.997988856
49  -1.029505940
50   1.412064406
51  -1.368427189
52   0.227409408
53  -0.550305706
54  -1.078263386
55   1.753454456
56  -0.979781260
57  -0.346317539
58  -0.231580006
59   1.119352203
60  -1.311302574
61   1.089777873
62   1.542936712
63  -1.529983707
64   1.095498200
65  -0.427407313
66   0.574952160
67  -1.221831961
68  -0.662715335
69  -0.049149329
70   0.268569653
71  -0.919241811
72  -0.533709309
73   0.534949503
74  -0.233756354
75  -1.694624681
76   1.085441615
77   0.456092432
78  -1.202439096
79  -0.933256501
80   0.338851034
81   2.116850852
82  -0.590513778
83  -1.109700703
84   1.127593754
85  -0.603046403
86  -0.477847926
87   0.185329832
88   0.059403674
89   0.171404062
90   1.114199116
91   0.897436715
92   0.675456072
93   0.919017098
94   0.505057162
95  -0.768003630
96  -1.637453694
97  -0.292925884
98  -1.242258936
99  -1.452250449
100  0.544697997
101  0.494309624
102 -0.458113741
103  0.417864440
104 -1.298511479
105 -1.294849288
106 -1.625470463
107  0.585276209
108  1.741646718
109 -0.672823269
110  2.067421475
111  0.840285257
112  0.583948306
113  2.038649868
114 -1.603455595
115 -0.136288826
116  0.978202184
117  1.719618318
118  0.756703261
119 -0.336453222
120  1.454156418
121  0.026856897
122 -0.105112319
123  0.770267048
124 -1.374254345
125 -0.455030512
126  0.772278195
127  0.009821810
128 -0.140528898
129  0.353020081
130 -1.605800714
131  0.431133530
132 -0.664271283
133  1.554759399
134 -0.409935730
135 -1.377645099
136  0.354702793
137 -0.008338339
138 -0.207810521
139 -1.283282266
140  0.739993253
141 -0.438162922
142 -0.330861024
143 -0.597527098
144  1.696613775
145 -0.432885277
146  0.107722168
147  1.212211471
148  1.644774254
149  0.375748007
150  0.827884309
151 -0.934772651
152 -0.044549515
153 -0.586899999
154  0.605727783
155 -1.512717028
156 -0.372474708
157 -0.351568684
158 -0.747504289
159  0.703833929
160 -0.492890404
161  1.477483154
162  0.259123369
163  0.930849038
164  1.841026953
165  1.397501396
166 -0.582772759
167 -0.508875926
168 -0.170881033
169  0.091964094
170 -0.589621562
171  0.223158112
172 -0.293309386
173  0.559186696
174  0.300325512
175  2.314737144
176  0.996147380
177  1.156117136
178  0.290011320
179 -0.267158868
180  0.175102519
181 -1.068223438
182  1.263475416
183  1.759964537
184  1.726614908
185 -0.616775347
186 -0.794675121
187  1.060009778
188 -1.279881888
189  0.533124705
190  1.043657716
191 -1.609692529
192  0.130399747
193 -1.638825807
194 -1.275885870
195 -0.222484206
196  0.170288224
197 -0.912364679
198 -1.484050753
199  0.244557015
200  1.033060882
201  0.914856452
202  0.836871338
203 -1.159141372
204  0.272324778
205 -0.004965311
206 -0.101861638
207 -0.742259798
208 -1.738947461
209  0.833860456
210 -0.537910359
211 -1.666662622
212 -0.782459703
213  0.512221072
214 -1.129485168
215  1.429244094
216 -0.559374160
217 -1.627311532
218 -0.526845476
219  0.347704343
220 -0.226896142
221  0.554230672
222  1.515239710
223  0.091360297
224  0.993327559
225 -1.433527408
226  1.289364925
227 -0.469386164
228 -0.092722335
229  1.194012798
230  0.548743004
231  0.120350667
232 -0.074354458
233 -0.115258996
234 -1.036565633
235  0.554570803
236  1.072345924
237  0.109805233
238 -0.888685501
239  1.140228068
240  0.268743501
241 -1.163872014
242  0.687162226
243  0.316360365
244  0.224536697
245  1.971961419
246  0.179632202
247 -1.623565169
248 -0.595460864
249 -0.686383496
250 -1.585658213
251 -0.318749295
252 -0.929015732
253  0.060118676
254 -0.099109850
255 -0.106721887
256 -1.035644181
257 -1.596576241
258 -1.548562580
259  0.366334570
260 -1.199698965
261  0.217296945
262 -0.486014270
263  2.302981889
264 -0.813151840
265 -1.707829866
266 -0.043401106
267 -0.626129567
268  0.897089688
269 -0.117570363
270 -0.142533401
271  0.919959855
272 -0.967625680
273 -0.612594425
274  0.901250761
275  1.095256507
276 -0.614662804
277 -0.952723241
278  0.600086996
279  0.305140862
280  0.749488788
281 -1.195119754
282  0.426924242
283  1.280541249
284 -1.416907295
285  0.924742516
286  0.677939633
287  0.496434041
288 -0.145870365
289  1.626897936
290  0.887337770
291 -0.819643445
292 -1.640492224
293 -0.004681026
294  0.346623779
295  1.515404083
296  0.200601563
297  1.673519317
298 -0.428689877
299 -0.728475124
300 -1.810441905

, , 7 comps

        response
1   -1.681674941
2   -1.022842752
3    0.105416531
4    0.466886007
5   -1.155506994
6   -0.122803479
7    0.701415603
8    1.050208869
9   -0.459160608
10  -1.243285393
11  -0.456175369
12   0.671637121
13  -0.773894865
14  -1.361723234
15  -0.519033233
16   2.411114892
17   0.293554008
18  -1.461754972
19   0.281788429
20  -0.340865750
21   1.720678461
22   0.590222004
23   0.452992858
24   0.589259331
25  -0.411942070
26  -0.724305095
27   1.266707407
28   0.543444553
29   2.978799930
30   1.778888303
31  -0.070618758
32   1.410834823
33   0.107876567
34   1.159568506
35  -0.301836513
36   0.621904346
37   0.029962892
38  -0.275578772
39   1.197688436
40  -0.210505514
41  -1.631189063
42   0.419972062
43   0.032535762
44  -0.711494525
45   0.934734174
46  -1.401387098
47  -0.330699846
48  -0.993930047
49  -1.027788595
50   1.411951294
51  -1.363874987
52   0.230177423
53  -0.549949956
54  -1.081065088
55   1.753544505
56  -0.976458677
57  -0.346815885
58  -0.228656766
59   1.114829404
60  -1.309579647
61   1.089656429
62   1.540296883
63  -1.529235668
64   1.095985271
65  -0.426229286
66   0.579046166
67  -1.223732006
68  -0.664277827
69  -0.049933870
70   0.270625172
71  -0.919808095
72  -0.532761097
73   0.536216654
74  -0.235522343
75  -1.694262803
76   1.083708400
77   0.455189322
78  -1.197815098
79  -0.931307390
80   0.339439513
81   2.113901063
82  -0.591330684
83  -1.110629986
84   1.123311259
85  -0.599128828
86  -0.481423109
87   0.182333535
88   0.059690624
89   0.171617464
90   1.117311650
91   0.898628470
92   0.680182108
93   0.918894778
94   0.505964583
95  -0.769853545
96  -1.637786443
97  -0.292222655
98  -1.237256841
99  -1.454211549
100  0.546224904
101  0.495936886
102 -0.456003989
103  0.421481094
104 -1.298961243
105 -1.296902647
106 -1.625797716
107  0.582888253
108  1.743535456
109 -0.672970367
110  2.065653511
111  0.840785726
112  0.584177786
113  2.038880154
114 -1.606101418
115 -0.134846808
116  0.978615356
117  1.717163592
118  0.755402354
119 -0.340470337
120  1.451467606
121  0.029220288
122 -0.104242767
123  0.769546604
124 -1.378465894
125 -0.456844075
126  0.771554451
127  0.012773275
128 -0.145144602
129  0.350808742
130 -1.606565813
131  0.434501715
132 -0.667075619
133  1.556175290
134 -0.406170548
135 -1.379001405
136  0.355387326
137 -0.013356630
138 -0.205921003
139 -1.280757959
140  0.739001124
141 -0.439744666
142 -0.330290756
143 -0.598031258
144  1.697759139
145 -0.434211752
146  0.103309983
147  1.211355214
148  1.647067498
149  0.373147403
150  0.828264225
151 -0.934849878
152 -0.041315628
153 -0.587440455
154  0.609330198
155 -1.511950081
156 -0.375974070
157 -0.352197347
158 -0.749108636
159  0.700642237
160 -0.491159990
161  1.478486609
162  0.258222800
163  0.927608418
164  1.844972480
165  1.398109180
166 -0.584380169
167 -0.510435629
168 -0.168123119
169  0.092072064
170 -0.587667515
171  0.223556210
172 -0.294304480
173  0.559805058
174  0.298882278
175  2.316261970
176  0.994462403
177  1.155512181
178  0.290096454
179 -0.267296676
180  0.175982073
181 -1.067875283
182  1.264191568
183  1.758564452
184  1.726528331
185 -0.615561491
186 -0.796026350
187  1.063354357
188 -1.278052521
189  0.534484579
190  1.043652884
191 -1.611518355
192  0.131440003
193 -1.642594851
194 -1.279688445
195 -0.221814162
196  0.171024441
197 -0.912930161
198 -1.486018999
199  0.242532574
200  1.035082599
201  0.913403770
202  0.841455470
203 -1.160067319
204  0.276473187
205 -0.004963163
206 -0.102875542
207 -0.744791937
208 -1.736433710
209  0.832954320
210 -0.537767551
211 -1.666857295
212 -0.781577220
213  0.510350321
214 -1.128998157
215  1.428881522
216 -0.559183123
217 -1.630144435
218 -0.530098888
219  0.347476789
220 -0.224494083
221  0.554754901
222  1.518279155
223  0.093400463
224  0.992519653
225 -1.431615997
226  1.288577982
227 -0.468728495
228 -0.092580572
229  1.194861170
230  0.550469681
231  0.117752036
232 -0.073983982
233 -0.111930620
234 -1.036927374
235  0.555132519
236  1.070499323
237  0.109662308
238 -0.888208077
239  1.140078962
240  0.271900043
241 -1.165069407
242  0.688211420
243  0.314839291
244  0.226270714
245  1.970861764
246  0.181116064
247 -1.624445967
248 -0.593759514
249 -0.684597467
250 -1.587756864
251 -0.320485939
252 -0.931710455
253  0.061416091
254 -0.097728604
255 -0.108030210
256 -1.035309866
257 -1.598277087
258 -1.550887657
259  0.366081694
260 -1.201981551
261  0.216246700
262 -0.487957196
263  2.299687846
264 -0.816105195
265 -1.709494743
266 -0.044797601
267 -0.629411974
268  0.897318303
269 -0.123316443
270 -0.141543178
271  0.918483268
272 -0.967632491
273 -0.611150960
274  0.902160601
275  1.097710211
276 -0.613727454
277 -0.954286806
278  0.599942322
279  0.299978418
280  0.749668599
281 -1.193652197
282  0.427865636
283  1.279679301
284 -1.417386094
285  0.928586253
286  0.679103126
287  0.498804472
288 -0.145849956
289  1.624234896
290  0.882922329
291 -0.819055307
292 -1.639515363
293 -0.005906615
294  0.343492917
295  1.514552832
296  0.202474789
297  1.674731355
298 -0.425484348
299 -0.726053750
300 -1.809418298

, , 8 comps

        response
1   -1.671174158
2   -1.008020734
3    0.077232172
4    0.483160945
5   -1.151502063
6   -0.146278795
7    0.694563767
8    1.077983924
9   -0.473049856
10  -1.253249505
11  -0.470892424
12   0.657490532
13  -0.762164810
14  -1.355397714
15  -0.514955800
16   2.381374966
17   0.270073223
18  -1.433977030
19   0.283870085
20  -0.353064784
21   1.744267667
22   0.573780410
23   0.440149623
24   0.609547631
25  -0.379804939
26  -0.742342712
27   1.293303315
28   0.516484426
29   2.959281067
30   1.765143586
31  -0.054046048
32   1.421219526
33   0.123057496
34   1.172681500
35  -0.308572585
36   0.640156355
37   0.035164912
38  -0.270944495
39   1.231730723
40  -0.196850232
41  -1.631250656
42   0.401530884
43   0.052784587
44  -0.723043154
45   0.940419133
46  -1.390918668
47  -0.330955722
48  -0.990484914
49  -1.014228847
50   1.416985736
51  -1.362458064
52   0.194107486
53  -0.535961389
54  -1.067119700
55   1.750452196
56  -0.970635034
57  -0.353852582
58  -0.227224337
59   1.088966774
60  -1.301108072
61   1.081012736
62   1.524362251
63  -1.530578896
64   1.080179058
65  -0.398543634
66   0.572870304
67  -1.218889470
68  -0.625183717
69  -0.057273425
70   0.295549097
71  -0.908791240
72  -0.532000752
73   0.527823044
74  -0.280287066
75  -1.722832743
76   1.100917169
77   0.488087689
78  -1.205178621
79  -0.943116678
80   0.375182250
81   2.148956063
82  -0.581708348
83  -1.092448985
84   1.122042632
85  -0.595979308
86  -0.504956485
87   0.185200704
88   0.063199048
89   0.178004609
90   1.090426955
91   0.884799804
92   0.700676118
93   0.911220683
94   0.488531620
95  -0.782777952
96  -1.645937978
97  -0.282594671
98  -1.230863461
99  -1.443235449
100  0.570935168
101  0.515095004
102 -0.490332809
103  0.385907416
104 -1.292308832
105 -1.282416394
106 -1.617925711
107  0.606382364
108  1.738582802
109 -0.645998699
110  2.056207650
111  0.804273903
112  0.561264532
113  2.054447776
114 -1.593092199
115 -0.128998653
116  0.971268265
117  1.719345246
118  0.747986856
119 -0.336446115
120  1.441144025
121  0.050047653
122 -0.074990549
123  0.738723270
124 -1.386053795
125 -0.455980281
126  0.762859868
127 -0.007925812
128 -0.159314061
129  0.378236964
130 -1.614184790
131  0.445886177
132 -0.679021711
133  1.552732834
134 -0.369399707
135 -1.406074989
136  0.365697661
137 -0.017390030
138 -0.215238346
139 -1.301342246
140  0.737485329
141 -0.448284370
142 -0.331887723
143 -0.600696437
144  1.689370751
145 -0.459292999
146  0.127479837
147  1.220509440
148  1.656167250
149  0.391502262
150  0.833437847
151 -0.953943565
152 -0.033829365
153 -0.591997485
154  0.611175606
155 -1.528176209
156 -0.376271493
157 -0.369022383
158 -0.736488497
159  0.696033363
160 -0.522883529
161  1.473178156
162  0.236523913
163  0.950325400
164  1.830118754
165  1.395595246
166 -0.589536184
167 -0.523403712
168 -0.144889495
169  0.087997322
170 -0.607511027
171  0.200231371
172 -0.274057650
173  0.549736813
174  0.291667136
175  2.342197295
176  1.000948252
177  1.171165058
178  0.265298846
179 -0.239737638
180  0.203871429
181 -1.057245177
182  1.289329128
183  1.726807783
184  1.721260003
185 -0.616465502
186 -0.789635119
187  1.089359985
188 -1.278809748
189  0.524897351
190  1.072494119
191 -1.621363985
192  0.123680044
193 -1.646642389
194 -1.305394036
195 -0.251899577
196  0.152741674
197 -0.896440116
198 -1.462154081
199  0.270600971
200  1.040066123
201  0.920333673
202  0.835410251
203 -1.167646141
204  0.273595969
205 -0.002230968
206 -0.082540006
207 -0.752138199
208 -1.758755103
209  0.842161514
210 -0.519533193
211 -1.664845081
212 -0.792674639
213  0.496295703
214 -1.134173479
215  1.413127529
216 -0.568761302
217 -1.642489012
218 -0.523423236
219  0.374236119
220 -0.206523665
221  0.562030331
222  1.493185632
223  0.095962616
224  0.975084270
225 -1.437341620
226  1.299290738
227 -0.472720424
228 -0.106037639
229  1.193896089
230  0.551769026
231  0.113311039
232 -0.063875576
233 -0.098713952
234 -1.044149473
235  0.553978971
236  1.037760076
237  0.127664113
238 -0.919235787
239  1.125111770
240  0.258003442
241 -1.138672535
242  0.655667675
243  0.317349632
244  0.227548719
245  2.003552686
246  0.170859713
247 -1.601220944
248 -0.615605551
249 -0.665866680
250 -1.601689737
251 -0.338778936
252 -0.953583903
253  0.072408370
254 -0.112072437
255 -0.115747847
256 -1.031154528
257 -1.583391315
258 -1.530145261
259  0.384736215
260 -1.239100562
261  0.207816652
262 -0.470572859
263  2.294273937
264 -0.822671583
265 -1.745434521
266 -0.049359672
267 -0.631324877
268  0.895910165
269 -0.111179321
270 -0.144115829
271  0.934928979
272 -0.952933289
273 -0.640607750
274  0.886479021
275  1.120409732
276 -0.603629602
277 -0.943495533
278  0.643099828
279  0.284155470
280  0.743891538
281 -1.160226095
282  0.402259051
283  1.276461166
284 -1.418545757
285  0.940042895
286  0.683941400
287  0.522013233
288 -0.159312541
289  1.615651671
290  0.902283423
291 -0.823485911
292 -1.628594141
293 -0.013848627
294  0.351146323
295  1.512916207
296  0.176424313
297  1.656902214
298 -0.412177901
299 -0.714825738
300 -1.811783955

, , 9 comps

        response
1   -1.661475458
2   -1.014221769
3    0.063755004
4    0.470961392
5   -1.154721293
6   -0.140937429
7    0.688206620
8    1.088176464
9   -0.485513216
10  -1.251599070
11  -0.503464004
12   0.649355032
13  -0.736694531
14  -1.347881117
15  -0.493081295
16   2.355549921
17   0.262043110
18  -1.442342574
19   0.285765299
20  -0.339173563
21   1.728470364
22   0.595293017
23   0.442463480
24   0.627092165
25  -0.363173681
26  -0.738601200
27   1.295963582
28   0.501907898
29   2.963145828
30   1.752459132
31  -0.052886811
32   1.412342710
33   0.122540286
34   1.172482626
35  -0.315617342
36   0.647099383
37   0.020867211
38  -0.247463230
39   1.201533155
40  -0.203792390
41  -1.647705095
42   0.389182026
43   0.068509904
44  -0.726708493
45   0.916442511
46  -1.378219103
47  -0.329228244
48  -1.003770656
49  -1.005871361
50   1.437348550
51  -1.352393689
52   0.188124264
53  -0.542482439
54  -1.068828348
55   1.748747650
56  -0.954815969
57  -0.348580683
58  -0.218301774
59   1.080244354
60  -1.315617858
61   1.065990218
62   1.556834258
63  -1.552755724
64   1.087482983
65  -0.427135953
66   0.588434096
67  -1.220181812
68  -0.623119552
69  -0.045048902
70   0.287802803
71  -0.922841535
72  -0.520294899
73   0.522973064
74  -0.269150694
75  -1.747590913
76   1.109831050
77   0.496735932
78  -1.195264792
79  -0.925155069
80   0.361417524
81   2.128642823
82  -0.574327296
83  -1.097331923
84   1.143356753
85  -0.596618767
86  -0.502796110
87   0.214664459
88   0.060812558
89   0.173897895
90   1.101651957
91   0.862993305
92   0.693123849
93   0.920934131
94   0.516339001
95  -0.741927601
96  -1.654291386
97  -0.297028815
98  -1.226896066
99  -1.421921570
100  0.559251631
101  0.516900973
102 -0.490452998
103  0.400903920
104 -1.280116170
105 -1.272914342
106 -1.665878810
107  0.628968764
108  1.716823366
109 -0.659290556
110  2.067907870
111  0.793364513
112  0.567291292
113  2.069071477
114 -1.588440680
115 -0.135173822
116  0.950821251
117  1.731582186
118  0.765256040
119 -0.332625476
120  1.420916890
121  0.067161245
122 -0.075512360
123  0.714939287
124 -1.378376533
125 -0.440546433
126  0.752059849
127 -0.002411578
128 -0.137691662
129  0.395839275
130 -1.620604283
131  0.442401652
132 -0.677724754
133  1.576449258
134 -0.369093907
135 -1.388464301
136  0.350830797
137  0.007416558
138 -0.247530747
139 -1.305820445
140  0.744714887
141 -0.468073456
142 -0.327163090
143 -0.626461244
144  1.689272174
145 -0.487978994
146  0.108899658
147  1.231641759
148  1.621952747
149  0.396250985
150  0.848047189
151 -0.935216695
152 -0.034644845
153 -0.599539311
154  0.637933187
155 -1.532837233
156 -0.373367355
157 -0.370053004
158 -0.752739266
159  0.706720897
160 -0.496374708
161  1.481793271
162  0.255922428
163  0.927821770
164  1.838305144
165  1.371205923
166 -0.571925646
167 -0.551921349
168 -0.129751621
169  0.074216563
170 -0.618292391
171  0.207745309
172 -0.246433331
173  0.550347733
174  0.255739011
175  2.367173882
176  1.031015308
177  1.150229192
178  0.241228954
179 -0.270816196
180  0.192961149
181 -1.047897314
182  1.301445860
183  1.762895554
184  1.733443702
185 -0.609398572
186 -0.781574513
187  1.106497033
188 -1.252699684
189  0.554848664
190  1.050692380
191 -1.642790293
192  0.119487416
193 -1.664173203
194 -1.320757186
195 -0.256854882
196  0.126361608
197 -0.902568267
198 -1.474484473
199  0.292292110
200  1.038989233
201  0.905381250
202  0.838631903
203 -1.206516186
204  0.271893726
205 -0.025224345
206 -0.069697692
207 -0.732853783
208 -1.743622432
209  0.839041597
210 -0.520144278
211 -1.657816111
212 -0.790922191
213  0.455125130
214 -1.157543528
215  1.419258956
216 -0.568760348
217 -1.643672465
218 -0.534463734
219  0.394063101
220 -0.224724034
221  0.544314649
222  1.499954186
223  0.086905531
224  0.990716265
225 -1.442721003
226  1.280114864
227 -0.512006065
228 -0.083383175
229  1.169904277
230  0.570726665
231  0.129343738
232 -0.056671134
233 -0.104800018
234 -1.035170422
235  0.516450288
236  1.001814009
237  0.144348126
238 -0.897128039
239  1.128184864
240  0.271643175
241 -1.125465748
242  0.654817343
243  0.305945967
244  0.239377764
245  1.998415764
246  0.159439716
247 -1.591446714
248 -0.591430962
249 -0.647775298
250 -1.625969758
251 -0.331932948
252 -0.945349061
253  0.082012280
254 -0.107068365
255 -0.128451950
256 -1.015759822
257 -1.581953057
258 -1.547372344
259  0.380603804
260 -1.225207153
261  0.228454302
262 -0.459077916
263  2.283355524
264 -0.848541711
265 -1.743755659
266 -0.051031533
267 -0.603487897
268  0.930859732
269 -0.103489467
270 -0.188424138
271  0.938127825
272 -0.954017507
273 -0.644972792
274  0.885582994
275  1.110176213
276 -0.608299946
277 -0.903263553
278  0.660124696
279  0.299208076
280  0.765520871
281 -1.179965848
282  0.391022075
283  1.271888008
284 -1.395912679
285  0.958625856
286  0.708143413
287  0.524387275
288 -0.167747865
289  1.596830872
290  0.886841473
291 -0.805690377
292 -1.633109080
293  0.004545150
294  0.357285139
295  1.485458494
296  0.168669035
297  1.667484633
298 -0.452829661
299 -0.714607313
300 -1.814156094

, , 10 comps

        response
1   -1.664395761
2   -1.014140234
3    0.064641139
4    0.473364523
5   -1.154929875
6   -0.139444039
7    0.688413824
8    1.092443680
9   -0.481958522
10  -1.248808537
11  -0.502289295
12   0.649002857
13  -0.736948029
14  -1.350249270
15  -0.495653538
16   2.356266235
17   0.259584713
18  -1.446347523
19   0.286474613
20  -0.338440538
21   1.729964451
22   0.595572551
23   0.446046800
24   0.621916569
25  -0.362526236
26  -0.740325541
27   1.295617395
28   0.500890453
29   2.959292294
30   1.751348535
31  -0.048417586
32   1.415507644
33   0.119459252
34   1.174839763
35  -0.314764267
36   0.648049974
37   0.021781175
38  -0.249270276
39   1.199754397
40  -0.203417147
41  -1.647449039
42   0.387670178
43   0.073287446
44  -0.724913560
45   0.915407733
46  -1.379676897
47  -0.326256622
48  -1.001658857
49  -1.008140280
50   1.435480137
51  -1.351169798
52   0.185224244
53  -0.540986707
54  -1.069452007
55   1.749442923
56  -0.952084738
57  -0.351395664
58  -0.215912811
59   1.082744324
60  -1.315933484
61   1.062782973
62   1.557652403
63  -1.550505866
64   1.085853863
65  -0.429628537
66   0.586830984
67  -1.219699422
68  -0.622312476
69  -0.044515771
70   0.284290810
71  -0.919769849
72  -0.517015813
73   0.525801862
74  -0.270347162
75  -1.749452012
76   1.106637739
77   0.498006888
78  -1.193980179
79  -0.923616851
80   0.363297421
81   2.128180104
82  -0.573643736
83  -1.094878987
84   1.143505459
85  -0.594513181
86  -0.504013265
87   0.212628921
88   0.065601868
89   0.169707082
90   1.103858773
91   0.864412840
92   0.695982434
93   0.921842792
94   0.517714436
95  -0.740858597
96  -1.654380448
97  -0.294766677
98  -1.225295636
99  -1.419095346
100  0.560185168
101  0.514300190
102 -0.490336155
103  0.398908218
104 -1.281261256
105 -1.273420553
106 -1.664210238
107  0.627122766
108  1.715944496
109 -0.662700643
110  2.068522408
111  0.793039292
112  0.568428902
113  2.066131306
114 -1.586025167
115 -0.134226370
116  0.955600642
117  1.733192514
118  0.768776765
119 -0.332096351
120  1.423978215
121  0.065160994
122 -0.078660677
123  0.714831935
124 -1.380801185
125 -0.439927031
126  0.745823855
127 -0.004113950
128 -0.136740065
129  0.398601865
130 -1.624638579
131  0.442734408
132 -0.674309095
133  1.575340030
134 -0.368465964
135 -1.388849590
136  0.351123418
137  0.007533827
138 -0.248105709
139 -1.308047850
140  0.743181385
141 -0.469356863
142 -0.326221559
143 -0.623662434
144  1.691989187
145 -0.488278549
146  0.111797283
147  1.230846196
148  1.619542580
149  0.397415157
150  0.845469303
151 -0.934598119
152 -0.034442674
153 -0.601382297
154  0.639452143
155 -1.529940906
156 -0.375338129
157 -0.372487233
158 -0.759280600
159  0.709911605
160 -0.497731918
161  1.479596366
162  0.256371897
163  0.931974590
164  1.838824585
165  1.370031148
166 -0.571529055
167 -0.549803028
168 -0.128077502
169  0.074972312
170 -0.613948246
171  0.207493780
172 -0.247778700
173  0.550595627
174  0.253499743
175  2.370405576
176  1.032217408
177  1.147855553
178  0.239013407
179 -0.270932737
180  0.192081155
181 -1.047953743
182  1.295977094
183  1.765217076
184  1.730133426
185 -0.610096577
186 -0.778023896
187  1.104349756
188 -1.254017526
189  0.553393357
190  1.051123686
191 -1.644290572
192  0.121023061
193 -1.665785054
194 -1.322116686
195 -0.260527978
196  0.122226063
197 -0.904954592
198 -1.474049617
199  0.295213529
200  1.035917604
201  0.903476675
202  0.841425691
203 -1.209915321
204  0.270241743
205 -0.025104162
206 -0.070176815
207 -0.732652079
208 -1.745740799
209  0.834285545
210 -0.520734585
211 -1.661187971
212 -0.792599083
213  0.458020212
214 -1.156091040
215  1.418513458
216 -0.568391314
217 -1.645411316
218 -0.537041005
219  0.392301292
220 -0.228057404
221  0.548249815
222  1.500967035
223  0.085833765
224  0.989391547
225 -1.441444932
226  1.284104935
227 -0.508306107
228 -0.083332497
229  1.170276389
230  0.571841857
231  0.131591257
232 -0.062252815
233 -0.100601120
234 -1.032842015
235  0.514334817
236  1.004788446
237  0.143549995
238 -0.898820802
239  1.125968016
240  0.273232097
241 -1.126583844
242  0.652496669
243  0.302795416
244  0.237868187
245  1.996418263
246  0.162713173
247 -1.588404467
248 -0.589137952
249 -0.647249191
250 -1.626930993
251 -0.331494949
252 -0.947542112
253  0.082610021
254 -0.107473441
255 -0.131800941
256 -1.014722877
257 -1.580061567
258 -1.547235548
259  0.381152399
260 -1.226897544
261  0.229631779
262 -0.459508875
263  2.282570383
264 -0.849083711
265 -1.742616963
266 -0.050813382
267 -0.603017580
268  0.932865552
269 -0.105292343
270 -0.184619890
271  0.938753952
272 -0.957175312
273 -0.644521382
274  0.887751594
275  1.110757990
276 -0.603962529
277 -0.904069079
278  0.658833249
279  0.300954270
280  0.767087945
281 -1.182983046
282  0.389648929
283  1.272430404
284 -1.394570175
285  0.957281398
286  0.708962987
287  0.524819246
288 -0.167040356
289  1.592180993
290  0.889849125
291 -0.804349579
292 -1.635556876
293  0.003829837
294  0.357020220
295  1.486290532
296  0.170793498
297  1.666502627
298 -0.451735485
299 -0.714166452
300 -1.813670503

, , 11 comps

        response
1   -1.664419578
2   -1.014252378
3    0.064573740
4    0.473309709
5   -1.154817378
6   -0.139488851
7    0.688391561
8    1.092420224
9   -0.481981875
10  -1.248820573
11  -0.502335432
12   0.648869194
13  -0.737140873
14  -1.350165840
15  -0.495686623
16   2.356244924
17   0.259650605
18  -1.446351532
19   0.286634174
20  -0.338485755
21   1.729958608
22   0.595750747
23   0.446117828
24   0.621905566
25  -0.362317641
26  -0.740256360
27   1.295704216
28   0.500957411
29   2.959231342
30   1.751164296
31  -0.048308029
32   1.415465165
33   0.119433521
34   1.174821579
35  -0.314789473
36   0.648010174
37   0.022004025
38  -0.249255949
39   1.199624987
40  -0.203297599
41  -1.647615400
42   0.387772797
43   0.073370017
44  -0.724958854
45   0.915522142
46  -1.379583662
47  -0.326316848
48  -1.001651757
49  -1.008100483
50   1.435500118
51  -1.351190480
52   0.185285675
53  -0.540980305
54  -1.069374988
55   1.749318327
56  -0.952091646
57  -0.351402757
58  -0.215936540
59   1.082647457
60  -1.316059162
61   1.062896278
62   1.557769633
63  -1.550563639
64   1.085898073
65  -0.429807483
66   0.586953793
67  -1.219564779
68  -0.622141592
69  -0.044339411
70   0.284312329
71  -0.919740390
72  -0.516981361
73   0.525771194
74  -0.270343142
75  -1.749376787
76   1.106669223
77   0.498180929
78  -1.193996124
79  -0.923695426
80   0.363529810
81   2.128293172
82  -0.573801386
83  -1.094902516
84   1.143576800
85  -0.594517314
86  -0.503975373
87   0.212559202
88   0.065677810
89   0.169764714
90   1.103839545
91   0.864337995
92   0.696024703
93   0.922025402
94   0.517607670
95  -0.741046653
96  -1.654543966
97  -0.294806642
98  -1.225290760
99  -1.419148314
100  0.560117941
101  0.514364426
102 -0.490442144
103  0.399006833
104 -1.281228768
105 -1.273335473
106 -1.664223425
107  0.627076797
108  1.715864798
109 -0.662724246
110  2.068690280
111  0.792892126
112  0.568631793
113  2.066222489
114 -1.586077956
115 -0.134321661
116  0.955707509
117  1.733152582
118  0.768765120
119 -0.332012815
120  1.423945325
121  0.065224225
122 -0.078639274
123  0.714690566
124 -1.380892303
125 -0.439770848
126  0.745738797
127 -0.004011880
128 -0.136983414
129  0.398573668
130 -1.624696249
131  0.442658017
132 -0.674351191
133  1.575220261
134 -0.368525521
135 -1.388736489
136  0.350991841
137  0.007589007
138 -0.248208430
139 -1.307967143
140  0.743211789
141 -0.469313976
142 -0.326341091
143 -0.623655231
144  1.691954240
145 -0.488115006
146  0.111734117
147  1.230989437
148  1.619721891
149  0.397334596
150  0.845466200
151 -0.934415877
152 -0.034527808
153 -0.601288229
154  0.639417107
155 -1.529910501
156 -0.375365936
157 -0.372470981
158 -0.759387315
159  0.709868641
160 -0.497635277
161  1.479632123
162  0.256541596
163  0.931953267
164  1.838784887
165  1.369887632
166 -0.571700913
167 -0.549818259
168 -0.128119525
169  0.074846618
170 -0.613841965
171  0.207331700
172 -0.247780453
173  0.550477778
174  0.253521305
175  2.370381392
176  1.032045114
177  1.147860614
178  0.239046282
179 -0.270979039
180  0.192155309
181 -1.048092852
182  1.295952909
183  1.765099890
184  1.730113946
185 -0.610253137
186 -0.778007159
187  1.104431168
188 -1.253918733
189  0.553468458
190  1.050983656
191 -1.644283210
192  0.120964361
193 -1.665753283
194 -1.322054289
195 -0.260543189
196  0.122227583
197 -0.904936802
198 -1.473917429
199  0.295159115
200  1.035734319
201  0.903468617
202  0.841458602
203 -1.209932430
204  0.270372312
205 -0.025144861
206 -0.070285419
207 -0.732557772
208 -1.745668714
209  0.834250224
210 -0.520666491
211 -1.661222200
212 -0.792765774
213  0.458030385
214 -1.155859016
215  1.418656241
216 -0.568526485
217 -1.645371157
218 -0.537111284
219  0.392328493
220 -0.228014314
221  0.548343005
222  1.500911976
223  0.085936035
224  0.989430216
225 -1.441517864
226  1.284165018
227 -0.508232407
228 -0.083176928
229  1.170159654
230  0.571743301
231  0.131511821
232 -0.062319345
233 -0.100470389
234 -1.032844498
235  0.514400115
236  1.004780274
237  0.143599757
238 -0.898785241
239  1.125980528
240  0.273185571
241 -1.126500972
242  0.652538654
243  0.302767776
244  0.237971460
245  1.996514594
246  0.162790840
247 -1.588423741
248 -0.589173403
249 -0.647045994
250 -1.626813122
251 -0.331362396
252 -0.947566686
253  0.082491514
254 -0.107620495
255 -0.131847269
256 -1.014829343
257 -1.580129975
258 -1.547120962
259  0.381023351
260 -1.226923907
261  0.229795775
262 -0.459396151
263  2.282600843
264 -0.848994553
265 -1.742750460
266 -0.050997270
267 -0.602927831
268  0.932754609
269 -0.105403500
270 -0.184524051
271  0.938594501
272 -0.957196814
273 -0.644624730
274  0.887757361
275  1.110672160
276 -0.603855342
277 -0.904069929
278  0.658662019
279  0.301046627
280  0.767311966
281 -1.182957834
282  0.389722408
283  1.272589834
284 -1.394686256
285  0.957185901
286  0.708845750
287  0.524724960
288 -0.167172671
289  1.592202577
290  0.889785893
291 -0.804463389
292 -1.635525620
293  0.003858947
294  0.357023427
295  1.486255404
296  0.170782384
297  1.666585523
298 -0.451760979
299 -0.714259909
300 -1.813791826

[1] "mse of prediction"
[1] "Objects must have the same length"
[1] "full model coefficients"
, , 11 comps

                   full_response
Income              -0.598171486
Limit                0.958438722
Rating               0.382478949
Cards                0.052864969
Age                 -0.023033397
Education           -0.007469459
GenderFemale        -0.011593092
StudentYes           0.278154853
MarriedYes          -0.009054196
EthnicityAsian       0.015950671
EthnicityCaucasian   0.011005286

